height_data = 
[[43.5 43.  42.5 ... 60.  60.5 61.5]
 [43.  42.5 42.  ... 61.  61.5 62.5]
 [42.  41.5 41.  ... 61.5 62.5 63.5]
 ...
 [60.  58.  56.  ... 73.  72.5 72. ]
 [59.  57.5 55.5 ... 73.  72.5 72. ]
 [58.5 56.5 55.  ... 73.  72.5 72.5]]

 0,0: 
43.5

500, 0: 
58.5

0, 500: 
61.5

 xx: 
[58.5 56.5 55.  53.  51.5 49.5 48.  46.5 45.5 46.  48.  51.  54.5 58.
 62.  65.  68.  70.  72.  73.  73.5 73.  71.5 69.5 67.  64.5 62.  59.5
 58.  56.5 56.  55.  54.5 54.5 54.  54.5 55.5 56.  57.5 59.  60.5 62.
 63.5 65.  66.5 68.5 70.  71.  72.  72.  71.5 70.  67.5 64.5 60.5 56.
 51.5 47.  42.  37.  32.5 28.  24.  21.5 19.  17.  16.  15.5 15.  15.5
 16.5 17.5 19.  21.  23.5 26.5 29.  31.5 34.  36.  38.  40.  42.  43.5
 45.  46.5 48.  49.5 51.  52.5 53.5 55.  56.  57.  58.  58.5 58.5 58.5
 58.5 59.5 60.5 62.  63.  64.  65.  66.  67.5 68.5 70.  71.5 72.5 73.5
 74.  74.  74.5 74.5 74.5 75.  74.5 74.5 73.5 72.5 71.5 70.  68.  65.5
 62.  58.5 54.5 50.  45.5 41.  37.5 34.  32.  30.5 29.5 30.  31.  33.
 35.  37.  39.5 42.  44.  45.5 47.  48.5 50.  51.5 52.5 54.  55.  55.5
 55.5 54.5 52.5 49.5 46.  42.5 38.5 34.5 31.  27.5 24.  21.5 19.  18.
 17.  16.5 17.  18.  19.5 21.  22.  23.5 24.5 25.5 27.5 29.5 31.  32.5
 33.5 33.5 33.5 33.5 33.5 33.5 34.  34.5 35.5 36.5 38.  39.5 41.5 43.
 45.  47.  48.5 50.5 51.5 53.  53.5 54.  54.  54.  53.5 53.  52.  51.
 50.  49.  48.  47.  46.  45.  44.  43.5 43.5 43.  43.5 43.5 43.5 44.5
 45.  46.  47.  48.  48.5 49.5 50.  51.  52.  53.  54.  55.  56.  57.
 58.5 60.  62.  64.  66.  67.5 69.5 71.  72.5 74.  75.  75.5 76.5 77.5
 78.  78.5 79.  79.5 79.5 80.  80.  80.5 80.5 81.  80.5 80.  79.5 79.
 78.5 78.  77.5 77.  76.  75.5 74.  73.  71.5 70.  68.5 67.  65.5 64.
 62.5 61.  59.5 58.5 57.5 57.  56.5 56.  56.  56.  56.  56.5 57.5 58.5
 59.5 61.  62.5 64.  65.5 66.5 68.  69.5 70.5 72.  72.5 73.5 74.  74.
 74.  74.  74.  74.  74.  73.5 73.5 73.  72.5 72.5 72.  72.  71.5 70.5
 69.5 68.  66.  64.5 62.5 60.5 58.5 56.5 54.5 52.5 51.5 50.5 50.5 50.
 50.5 51.  52.  53.  55.  56.5 58.5 60.5 62.  63.5 65.  66.  67.  68.
 69.  69.5 70.5 71.  72.  73.  74.  75.  75.5 75.5 75.5 74.5 73.5 72.
 70.5 68.5 66.5 64.5 62.5 61.  60.  59.5 59.5 60.5 62.  64.  66.  68.5
 70.5 73.  75.5 78.  80.5 83.  85.  86.  87.5 88.5 90.  91.  91.5 92.
 92.  91.5 91.5 90.5 89.  87.  85.5 83.  81.  78.5 77.  75.5 74.  73.
 72.  71.  70.5 70.  69.5 69.5 69.5 69.5 69.  69.  69.  69.  69.5 70.5
 72.  73.5 74.5 75.5 76.  76.  75.5 75.  73.5 71.5 69.  66.5 64.  61.5
 59.5 58.  57.5 58.  59.5 61.5 64.5 67.5 70.5 73.5 76.5 79.5 82.  84.
 85.5 86.5 86.5 87.  87.  87.  87.  86.5 86.  86.  86.  86.5 87.  87.5
 87.5 88.  88.  88.5 88.5 89.  89.  88.5 88.5 87.5 87.  86.  84.5 82.
 80.  78.5 78.  77.5 77.5 78.  78.5 78.5 79.  80.  81.  82.  82.  82.
 81.  80.  78.5 77.  76.  74.5 74.  73.  72.5 72.5]

xy: 
[61.5 62.5 63.5 65.  66.  66.5 67.5 68.5 69.  69.5 70.  70.  70.  70.
 70.  70.5 70.5 71.  71.5 72.  72.5 73.5 74.5 75.  76.  77.  78.  79.
 80.  81.  81.5 82.5 83.  83.5 83.5 84.  83.5 83.5 83.  82.5 82.  80.5
 79.5 78.5 76.5 75.  73.  70.5 68.5 65.5 62.5 59.5 56.  53.  50.  46.5
 44.  41.  38.5 35.5 33.5 31.  29.  27.  25.  23.  21.5 19.5 17.5 16.
 14.5 13.  12.  10.5  9.5  9.   8.   7.   7.   6.5  6.   5.5  5.5  5.5
  5.   5.   5.   5.   5.   5.   5.   5.   5.   5.   5.   5.   5.   5.
  5.   5.   5.   5.   5.   5.   5.5  5.5  5.5  6.   6.   7.   7.   8.
  9.  10.  11.5 12.5 14.  16.  18.  20.5 23.  26.  29.  32.  34.5 37.5
 40.  42.5 45.  47.  49.  50.5 51.5 52.5 53.5 54.5 55.5 56.5 58.  59.5
 61.5 63.  65.  67.  69.5 71.5 74.  76.5 79.  80.5 82.  83.5 84.5 85.5
 85.5 86.  86.  85.5 85.5 84.5 84.5 84.  84.  84.  84.  84.  84.  84.5
 84.5 84.5 84.  83.5 83.  82.  81.  79.  78.  76.  74.5 72.5 71.  69.5
 68.5 67.5 67.  66.5 65.5 65.5 65.  65.  65.  65.  65.5 66.  67.  67.5
 69.  70.5 72.  73.5 75.  76.5 77.5 78.5 79.  79.5 80.  79.5 79.  78.
 77.  76.  75.  74.  73.5 72.5 72.  71.5 71.  71.  71.  71.  71.  71.5
 71.5 72.  72.5 73.  73.5 74.5 75.5 76.  77.  77.5 78.5 79.  79.5 80.
 80.5 81.  81.  81.  81.5 81.5 81.5 81.5 81.5 82.  82.  82.  82.5 82.5
 83.  83.5 84.5 85.5 87.  88.  89.  90.5 91.5 92.5 93.5 94.  94.  93.
 92.  91.  89.5 87.5 86.  83.5 81.5 79.5 77.  74.5 72.5 70.  68.  66.
 64.5 62.5 61.5 60.  59.  59.  58.5 58.5 58.5 59.  59.  59.5 60.  60.
 60.5 60.  60.  59.5 59.5 59.  58.5 57.5 57.  56.  55.5 54.5 53.5 53.
 52.5 51.  50.5 50.  49.5 48.5 48.  47.5 47.5 47.5 48.  48.  48.5 49.
 50.  51.  52.5 53.5 55.5 57.  58.  60.  61.5 63.  64.  65.5 66.5 67.
 68.  68.5 69.  70.  70.5 71.5 72.  73.  73.5 74.  75.  75.  75.5 76.
 76.5 77.  77.  77.5 77.5 77.5 78.  78.5 78.5 79.  79.  79.  79.5 79.5
 80.  80.  80.  80.  80.5 80.5 80.5 80.5 80.  80.  80.  80.  80.  80.
 80.  80.  79.5 79.5 79.5 79.5 79.5 79.5 79.5 79.5 79.5 80.  80.  80.
 80.  80.  80.  80.  80.  80.  80.  80.  80.  79.5 79.5 79.5 79.  79.
 79.  79.  78.5 78.5 78.5 78.5 78.5 78.5 78.  78.  78.  78.  78.  78.
 78.  78.  77.5 78.  77.5 78.  77.5 78.  78.  78.  78.5 79.  79.5 80.
 80.  80.5 80.5 80.5 80.5 79.5 78.5 78.  76.5 75.5 74.  73.  71.5 70.5
 69.5 69.  68.5 68.  67.5 67.  67.  66.5 66.5 66.5 66.5 66.5 66.5 66.5
 66.5 66.5 66.5 66.5 66.5 67.  67.  67.5 67.5 68.  68.5 69.  69.5 70.5
 71.  71.5 72.  72.  72.5 72.5 72.5 73.  72.5 72.5 72.5 72.5 72.  71.5
 71.5 72.  72.  72.  72.  71.5 72.  72.  72.  72.5]

yy:
[43.5 43.  42.  41.  40.  39.  38.  37.5 37.  36.5 36.  35.  35.  34.5
 33.5 33.  32.5 31.5 31.  30.  28.5 27.5 25.5 24.  22.5 20.5 19.  17.5
 15.5 14.  12.5 11.   9.5  9.   8.   7.5  7.   6.5  6.5  6.   6.   5.5
  5.5  5.   5.   4.5  4.   4.   3.5  3.5  3.5  3.   3.   3.   2.5  2.5
  2.5  2.5  2.5  2.5  2.5  2.5  2.5  2.5  2.5  2.5  2.5  2.5  2.5  2.5
  2.5  2.5  2.5  2.5  2.5  2.5  2.5  2.5  3.   3.5  4.5  5.   6.   7.5
  8.5  9.5 11.  12.  13.5 14.  15.  15.5 16.  16.5 17.  17.5 18.  18.5
 19.  19.5 20.  20.5 21.  21.5 21.5 22.  22.  22.  22.5 22.  22.  22.
 22.  22.  22.5 22.5 23.  23.  23.5 24.  25.  26.  27.  28.  29.5 31.
 32.5 34.  35.5 36.5 37.5 38.5 39.  40.  40.5 41.  41.5 42.  42.  42.
 42.  41.5 41.  40.5 39.5 38.5 37.5 36.5 35.5 35.  34.5 34.  34.  34.
 34.  34.5 35.  35.5 36.5 37.  38.5 40.  41.5 43.5 45.  47.5 49.5 51.5
 53.  54.  55.  55.5 56.  55.5 55.  54.5 53.5 52.5 51.  50.5 50.  50.
 50.  51.  51.5 52.  53.  54.5 55.5 56.5 58.  59.5 60.5 61.5 62.5 63.
 63.5 64.  64.  64.  64.  63.5 63.  62.5 62.  62.  61.5 61.5 61.5 61.
 60.5 60.5 59.5 59.  58.  57.  55.5 54.  52.5 51.  49.5 48.  46.5 45.5
 44.  42.5 41.  40.  38.5 37.5 36.5 35.5 34.5 33.5 32.5 32.  31.5 31.5
 31.  31.  31.  31.  31.  32.  32.5 33.  34.  35.  36.  37.  38.5 39.5
 41.  42.5 43.5 45.  46.5 47.5 49.  50.  51.  52.5 53.5 54.  55.  56.
 57.  57.5 58.  58.5 58.5 59.  59.  58.5 58.  57.5 56.5 55.5 55.  54.
 53.  52.  51.  50.  49.  47.5 46.5 45.5 44.5 43.  41.5 40.5 39.  37.5
 36.5 35.  33.5 32.5 31.5 30.  29.  28.  27.  26.5 25.5 25.  24.  23.5
 23.  22.5 22.5 22.  22.  22.  22.  22.  22.5 22.5 23.5 24.  24.5 25.5
 26.  26.5 27.  27.5 28.5 29.  29.  29.5 30.  30.  30.  30.5 30.5 30.5
 30.5 30.5 30.5 31.  31.  31.5 31.5 31.5 31.5 32.  32.  32.5 32.5 32.5
 33.  33.  33.  33.5 34.  34.  34.5 34.5 35.5 36.  36.5 37.  38.  38.5
 39.  40.  40.5 40.5 41.  41.  41.  40.5 40.  39.5 39.5 38.5 38.  37.
 36.5 35.5 35.  34.5 34.  33.5 33.  33.  33.  33.  33.5 34.  34.5 35.
 35.5 35.5 36.  36.  36.  36.  35.5 35.5 34.5 34.  33.5 33.5 33.  33.
 33.  33.5 33.5 34.  34.  34.5 34.5 35.  35.5 36.  36.5 37.  37.5 38.5
 39.  40.  41.  42.5 43.5 44.5 45.5 46.5 47.  48.  48.  48.  48.  48.
 47.  46.5 45.5 44.5 43.5 42.5 41.  40.  39.  38.5 37.5 37.  36.5 35.5
 35.5 34.5 34.  33.5 33.5 33.  32.5 32.  31.5 31.  31.  31.  31.  31.5
 31.5 32.  32.5 33.  34.  34.5 35.5 36.5 37.5 39.  40.5 42.5 45.  47.
 49.5 51.5 54.  56.  58.  60.  61.5 62.5 63.5 64.  64.5 64.5 65.  65.
 65.  64.5 64.  63.  62.  61.5 60.5 60.  59.  58.5]

yx: 
[43.5 43.  42.5 42.  41.5 41.  41.  40.5 40.5 39.5 39.  38.  37.5 37.
 36.  35.5 34.5 33.5 32.5 31.5 31.5 31.  31.  31.  31.  31.5 31.5 31.5
 32.  33.  33.5 34.5 35.  35.5 36.  36.5 36.5 36.5 36.5 36.  35.  34.
 32.5 31.5 30.  28.5 27.5 26.  24.5 23.5 22.5 21.5 21.  21.  20.5 20.5
 20.5 21.  21.5 22.5 24.  25.  26.5 28.  29.  30.  31.  32.  33.5 35.
 36.  37.5 38.5 40.  41.5 43.5 46.  47.5 49.  50.  50.5 51.  51.5 52.
 52.5 52.5 52.5 53.  53.  53.  53.  53.  52.5 52.  51.  50.  48.  46.5
 44.  42.  39.5 37.  35.  33.  31.5 30.  29.  28.5 27.5 27.5 27.5 27.5
 28.  28.5 29.  29.  29.  28.5 28.  27.  26.5 25.  24.  23.  21.5 20.5
 19.5 19.  18.5 18.5 19.  19.  19.5 20.5 21.5 23.  24.5 26.5 28.  30.5
 33.  36.  39.  41.5 44.  45.  46.  46.  45.5 44.5 42.5 40.5 37.5 34.5
 32.  30.5 29.  28.5 28.5 29.5 31.  32.5 35.  37.5 40.  42.5 45.  47.
 49.5 51.5 53.  54.5 56.  57.  57.5 58.5 58.5 59.  59.  59.5 59.5 60.
 60.5 60.5 60.5 60.5 60.5 61.  61.  61.  61.  61.  60.5 59.5 59.  58.5
 58.  57.5 56.5 56.  55.5 55.5 55.5 55.5 56.5 57.  58.5 59.5 60.5 61.5
 62.  63.  63.  63.  63.  62.5 62.  61.  60.  59.5 58.5 57.  56.  55.
 54.  53.5 52.5 52.  51.  50.5 50.5 50.5 50.5 50.5 50.5 50.5 50.  49.
 48.  46.5 44.5 42.  39.5 37.  34.5 32.  30.  27.5 26.  24.5 23.  21.5
 21.  20.  19.5 19.  18.5 18.  17.5 17.  16.5 16.5 16.  16.  16.  16.
 16.  15.5 15.  14.5 13.5 13.  13.  13.  13.  13.  13.5 14.  15.5 17.5
 20.  22.5 25.  27.5 29.5 31.5 33.  34.  35.5 36.  36.  36.  35.5 35.
 34.5 34.  34.  34.  34.5 35.5 36.5 37.5 39.  40.5 42.  44.  45.5 47.5
 49.  50.5 52.  54.  55.5 56.5 58.  58.5 59.  59.  58.5 58.5 58.  57.
 56.5 56.  56.  55.5 55.5 56.  56.  56.5 56.5 56.5 56.  55.5 54.5 53.5
 52.5 51.5 51.5 52.5 53.5 54.5 55.5 56.5 57.  57.5 57.5 57.5 57.  56.
 53.5 51.5 49.  47.  45.  43.  42.  41.  40.  40.  40.  40.  41.  42.5
 44.5 47.5 50.  52.5 54.5 56.5 58.5 60.  61.5 62.  62.5 61.5 60.5 59.
 58.  56.5 56.  55.5 55.  55.  55.  55.  55.  54.5 54.  54.  53.  51.
 49.  46.  43.  39.5 36.  33.  29.5 26.  22.5 19.5 17.  14.5 12.5 11.
  9.5  8.   7.5  7.5  7.5  8.5 10.  12.  14.5 17.  20.5 24.5 29.  33.
 36.5 39.5 42.  44.5 46.  47.5 48.5 49.5 50.  51.  52.  53.  54.5 56.
 58.  59.5 61.5 62.5 63.5 63.5 63.  61.5 60.  57.5 54.  50.  45.  40.
 35.  30.  25.  20.5 16.  12.   8.5  6.5  5.   4.   4.   4.5  5.5  6.5
  7.5  9.5 11.  13.5 16.  19.  22.5 25.5 28.5 31.5 35.  38.5 42.  45.5
 49.  52.5 55.5 58.5 61.5 64.  66.  67.5 68.  68.5 68.5 67.5 66.  64.5
 62.5 61.5 60.5 60.5 60.  60.  60.  60.  60.5 61.5]
